THIS TEXT FILE STORES THE POSSIBLE PAGES THAT CAN BE LOADED IN
IT SHOULD BE ACCSESSED THROUGH gridPageStorer.cs

---------------------KEY------------------------------------
-FORMAT KEY-
"-" marks the start and name of a page
"{" marks the start and value of a parameter
"[" and "," and "]" are used to signify the 2D array
DO NOT USE THOSE SYMBOLS OUTSIDE OF THOSE USES OR RISK ERROR OUTSIDE FIRST 50 LINES

-THEME KEY-
"all"- is applicable to all themes





-SPECIAL USE KEY-
"default"- does not have anything special
"food"- contains a surplus of food
"water"- contains a surplus of water
"scrap"- contains a surplus of scrap
"base"- base of operations for the player, the center of overall map, only has one grid with this one



-PAGE MAP KEY-
0- nothing
1- default wall tile
2- upOpen wall tile
3- rightOpen wall tile
4- downOpen wall tile
5- leftOpen wall tile
6- spikeTile
7- shoveTile
8- food chest
9- scrap chest
10- golden scrap chest
11- potential small enemy
12- potential boss enemy
13- zombie enemy
14- dog enemy
15- flying head enemy
16- bomber enemy
17- bone pile enemy
18- potential spawner
19- potential spikes
20- potential walls


*Add on later
--------------------FORMAT---------------------------------
*ALL CAPTALIZED BEGGINING DESCRIPTOR
-ALL CAPTALIZED NAME OF PAGE-
difficulty: {int}
upOpen: {boolean}
downOpen: {boolean}
leftOpen: {boolean}
rightOpen: {boolean}
pageTheme: {string}
pageSpecialUse: {string}
pageMap:
[2D ARRAY]

|||||||||||||||||||||||||||||DATA|||||||||||||||||||||||||||||
-base page-
difficulty: {1}
upOpen: {true}
downOpen: {true}
leftOpen: {true}
rightOpen: {true}
pageTheme: {all}
pageSpecialUse: {base}
pageMap:
[[01,01,01,01,01,02,02,02,02,02,01,01,01,01,01],
[01,01,01,00,00,00,00,00,00,00,00,00,01,01,01],
[01,01,00,00,00,00,00,00,00,00,00,00,00,01,01],
[01,00,00,00,00,00,00,00,00,00,00,00,00,00,01],
[01,00,00,00,00,00,00,00,00,00,00,00,00,00,01],
[05,00,00,00,00,00,00,00,00,00,00,00,00,00,03],
[05,00,00,00,00,00,00,00,00,00,00,00,00,00,03],
[05,00,00,00,00,00,00,00,00,00,00,00,00,00,03],
[05,00,00,00,00,00,00,00,00,00,00,00,00,00,03],
[05,00,00,00,00,00,00,00,00,00,00,00,00,00,03],
[01,00,00,00,00,00,00,00,00,00,00,00,00,00,01],
[01,00,00,00,00,00,00,00,00,00,00,00,00,00,01],
[01,01,00,00,00,00,00,00,00,00,00,00,00,01,01],
[01,01,01,00,00,00,00,00,00,00,00,00,01,01,01],
[01,01,01,01,01,04,04,04,04,04,01,01,01,01,01]]

-base page-
difficulty: {2}
upOpen: {true}
downOpen: {true}
leftOpen: {true}
rightOpen: {true}
pageTheme: {all}
pageSpecialUse: {base}
pageMap:
[[01,01,01,01,01,02,02,02,02,02,01,01,01,01,01],
[01,01,01,00,00,00,00,00,00,00,00,00,01,01,01],
[01,01,00,00,00,00,00,00,00,00,00,00,00,01,01],
[01,00,00,00,00,00,00,00,00,00,00,00,00,00,01],
[01,00,00,00,00,00,00,00,00,00,00,00,00,00,01],
[05,00,00,00,00,00,00,00,00,00,00,00,00,00,03],
[05,00,00,00,00,00,00,00,00,00,00,00,00,00,03],
[05,00,00,00,00,00,00,00,00,00,00,00,00,00,03],
[05,00,00,00,00,00,00,00,00,00,00,00,00,00,03],
[05,00,00,00,00,00,00,00,00,00,00,00,00,00,03],
[01,00,00,00,00,00,00,00,00,00,00,00,00,00,01],
[01,00,00,00,00,00,00,00,00,00,00,00,00,00,01],
[01,01,00,00,00,00,00,00,00,00,00,00,00,01,01],
[01,01,01,00,00,00,00,00,00,00,00,00,01,01,01],
[01,01,01,01,01,04,04,04,04,04,01,01,01,01,01]]

-base page-
difficulty: {3}
upOpen: {true}
downOpen: {true}
leftOpen: {true}
rightOpen: {true}
pageTheme: {all}
pageSpecialUse: {base}
pageMap:
[[01,01,01,01,01,02,02,02,02,02,01,01,01,01,01],
[01,01,01,00,00,00,00,00,00,00,00,00,01,01,01],
[01,01,00,00,00,00,00,00,00,00,00,00,00,01,01],
[01,00,00,00,00,00,00,00,00,00,00,00,00,00,01],
[01,00,00,00,00,00,00,00,00,00,00,00,00,00,01],
[05,00,00,00,00,00,00,00,00,00,00,00,00,00,03],
[05,00,00,00,00,00,00,00,00,00,00,00,00,00,03],
[05,00,00,00,00,00,00,00,00,00,00,00,00,00,03],
[05,00,00,00,00,00,00,00,00,00,00,00,00,00,03],
[05,00,00,00,00,00,00,00,00,00,00,00,00,00,03],
[01,00,00,00,00,00,00,00,00,00,00,00,00,00,01],
[01,00,00,00,00,00,00,00,00,00,00,00,00,00,01],
[01,01,00,00,00,00,00,00,00,00,00,00,00,01,01],
[01,01,01,00,00,00,00,00,00,00,00,00,01,01,01],
[01,01,01,01,01,04,04,04,04,04,01,01,01,01,01]]

-food page-
difficulty: {1}
upOpen: {true}
downOpen: {true}
leftOpen: {true}
rightOpen: {true}
pageTheme: {all}
pageSpecialUse: {food}
pageMap:
[[01,01,01,01,01,02,02,02,02,02,01,01,01,01,01],
[01,01,20,20,20,00,00,00,00,00,20,20,20,01,01],
[01,20,00,00,00,00,00,00,00,00,00,00,00,20,01],
[01,20,00,20,00,00,00,00,00,00,00,20,00,20,01],
[01,20,00,00,11,00,00,00,00,00,11,00,00,20,01],
[05,00,00,00,00,07,07,07,07,07,00,00,00,00,03],
[05,00,00,00,00,07,00,00,00,07,00,00,00,00,03],
[05,00,00,00,00,07,00,08,00,07,00,00,00,00,03],
[05,00,00,00,00,07,00,00,00,07,00,00,00,00,03],
[05,00,00,00,00,07,07,07,07,07,00,00,00,00,03],
[01,20,00,00,11,00,00,00,00,00,11,00,00,20,01],
[01,20,00,20,00,00,00,00,00,00,00,20,00,20,01],
[01,20,00,00,00,00,00,00,00,00,00,00,00,20,01],
[01,01,20,20,20,00,00,00,00,00,20,20,20,01,01],
[01,01,01,01,01,04,04,04,04,04,01,01,01,01,01]]

-food page-
difficulty: {2}
upOpen: {true}
downOpen: {true}
leftOpen: {true}
rightOpen: {true}
pageTheme: {all}
pageSpecialUse: {food}
pageMap:
[[01,01,01,01,01,02,02,02,02,02,01,01,01,01,01],
[01,00,00,00,00,00,00,00,00,00,00,00,00,00,01],
[01,00,00,00,00,00,00,00,00,00,00,00,00,00,01],
[01,00,00,00,00,00,00,00,00,00,00,00,00,00,01],
[01,00,00,00,00,00,00,00,00,00,00,00,00,00,01],
[05,00,00,00,00,00,00,00,00,00,00,00,00,00,03],
[05,00,00,00,00,00,00,00,00,00,00,00,00,00,03],
[05,00,00,00,00,00,00,00,00,00,00,00,00,00,03],
[05,00,00,00,00,00,00,00,00,00,00,00,00,00,03],
[05,00,00,00,00,00,00,00,00,00,00,00,00,00,03],
[01,00,00,00,00,00,00,00,00,00,00,00,00,00,01],
[01,00,00,00,00,00,00,00,00,00,00,00,00,00,01],
[01,00,00,00,00,00,00,00,00,00,00,00,00,00,01],
[01,00,00,00,00,00,00,00,00,00,00,00,00,00,01],
[01,01,01,01,01,04,04,04,04,04,01,01,01,01,01]]

-food page-
difficulty: {3}
upOpen: {true}
downOpen: {true}
leftOpen: {true}
rightOpen: {true}
pageTheme: {all}
pageSpecialUse: {food}
pageMap:
[[01,01,01,01,01,02,02,02,02,02,01,01,01,01,01],
[01,00,00,00,00,00,00,00,00,00,00,00,00,00,01],
[01,00,00,00,00,00,00,00,00,00,00,00,00,00,01],
[01,00,00,00,00,00,00,00,00,00,00,00,00,00,01],
[01,00,00,00,00,00,00,00,00,00,00,00,00,00,01],
[05,00,00,00,00,00,00,00,00,00,00,00,00,00,03],
[05,00,00,00,00,00,00,00,00,00,00,00,00,00,03],
[05,00,00,00,00,00,00,00,00,00,00,00,00,00,03],
[05,00,00,00,00,00,00,00,00,00,00,00,00,00,03],
[05,00,00,00,00,00,00,00,00,00,00,00,00,00,03],
[01,00,00,00,00,00,00,00,00,00,00,00,00,00,01],
[01,00,00,00,00,00,00,00,00,00,00,00,00,00,01],
[01,00,00,00,00,00,00,00,00,00,00,00,00,00,01],
[01,00,00,00,00,00,00,00,00,00,00,00,00,00,01],
[01,01,01,01,01,04,04,04,04,04,01,01,01,01,01]]

-golden food page-
difficulty: {1}
upOpen: {true}
downOpen: {true}
leftOpen: {true}
rightOpen: {true}
pageTheme: {all}
pageSpecialUse: {gFood}
pageMap:
[[01,01,01,01,01,02,02,02,02,02,01,01,01,01,01],
[01,00,00,00,00,00,00,00,00,00,00,00,00,00,01],
[01,00,00,00,00,00,00,00,00,00,00,00,00,00,01],
[01,00,00,00,00,00,00,00,00,00,00,00,00,00,01],
[01,00,00,00,00,00,00,00,00,00,00,00,00,00,01],
[05,00,00,00,00,00,00,00,00,00,00,00,00,00,03],
[05,00,00,00,00,00,00,00,00,00,00,00,00,00,03],
[05,00,00,00,00,00,00,00,00,00,00,00,00,00,03],
[05,00,00,00,00,00,00,00,00,00,00,00,00,00,03],
[05,00,00,00,00,00,00,00,00,00,00,00,00,00,03],
[01,00,00,00,00,00,00,00,00,00,00,00,00,00,01],
[01,00,00,00,00,00,00,00,00,00,00,00,00,00,01],
[01,00,00,00,00,00,00,00,00,00,00,00,00,00,01],
[01,00,00,00,00,00,00,00,00,00,00,00,00,00,01],
[01,01,01,01,01,04,04,04,04,04,01,01,01,01,01]]

-golden food page-
difficulty: {2}
upOpen: {true}
downOpen: {true}
leftOpen: {true}
rightOpen: {true}
pageTheme: {all}
pageSpecialUse: {gFood}
pageMap:
[[01,01,01,01,01,02,02,02,02,02,01,01,01,01,01],
[01,00,00,00,00,00,00,00,00,00,00,00,00,00,01],
[01,00,00,00,00,00,00,00,00,00,00,00,00,00,01],
[01,00,00,00,00,00,00,00,00,00,00,00,00,00,01],
[01,00,00,00,00,00,00,00,00,00,00,00,00,00,01],
[05,00,00,00,00,00,00,00,00,00,00,00,00,00,03],
[05,00,00,00,00,00,00,00,00,00,00,00,00,00,03],
[05,00,00,00,00,00,00,00,00,00,00,00,00,00,03],
[05,00,00,00,00,00,00,00,00,00,00,00,00,00,03],
[05,00,00,00,00,00,00,00,00,00,00,00,00,00,03],
[01,00,00,00,00,00,00,00,00,00,00,00,00,00,01],
[01,00,00,00,00,00,00,00,00,00,00,00,00,00,01],
[01,00,00,00,00,00,00,00,00,00,00,00,00,00,01],
[01,00,00,00,00,00,00,00,00,00,00,00,00,00,01],
[01,01,01,01,01,04,04,04,04,04,01,01,01,01,01]]

-golden food page-
difficulty: {3}
upOpen: {true}
downOpen: {true}
leftOpen: {true}
rightOpen: {true}
pageTheme: {all}
pageSpecialUse: {gFood}
pageMap:
[[01,01,01,01,01,02,02,02,02,02,01,01,01,01,01],
[01,00,00,00,00,00,00,00,00,00,00,00,00,00,01],
[01,00,00,00,00,00,00,00,00,00,00,00,00,00,01],
[01,00,00,00,00,00,00,00,00,00,00,00,00,00,01],
[01,00,00,00,00,00,00,00,00,00,00,00,00,00,01],
[05,00,00,00,00,00,00,00,00,00,00,00,00,00,03],
[05,00,00,00,00,00,00,00,00,00,00,00,00,00,03],
[05,00,00,00,00,00,00,00,00,00,00,00,00,00,03],
[05,00,00,00,00,00,00,00,00,00,00,00,00,00,03],
[05,00,00,00,00,00,00,00,00,00,00,00,00,00,03],
[01,00,00,00,00,00,00,00,00,00,00,00,00,00,01],
[01,00,00,00,00,00,00,00,00,00,00,00,00,00,01],
[01,00,00,00,00,00,00,00,00,00,00,00,00,00,01],
[01,00,00,00,00,00,00,00,00,00,00,00,00,00,01],
[01,01,01,01,01,04,04,04,04,04,01,01,01,01,01]]

-scrap page-
difficulty: {1}
upOpen: {true}
downOpen: {true}
leftOpen: {true}
rightOpen: {true}
pageTheme: {all}
pageSpecialUse: {scrap}
pageMap:
[[01,01,01,01,01,02,02,02,02,02,01,01,01,01,01],
[01,00,00,00,00,00,00,00,00,00,00,00,00,00,01],
[01,00,00,00,00,00,00,00,00,00,00,00,00,00,01],
[01,00,00,00,00,00,00,00,00,00,00,00,00,00,01],
[01,00,00,00,00,00,00,00,00,00,00,00,00,00,01],
[05,00,00,00,00,00,00,00,00,00,00,00,00,00,03],
[05,00,00,00,00,00,00,00,00,00,00,00,00,00,03],
[05,00,00,00,00,00,00,00,00,00,00,00,00,00,03],
[05,00,00,00,00,00,00,00,00,00,00,00,00,00,03],
[05,00,00,00,00,00,00,00,00,00,00,00,00,00,03],
[01,00,00,00,00,00,00,00,00,00,00,00,00,00,01],
[01,00,00,00,00,00,00,00,00,00,00,00,00,00,01],
[01,00,00,00,00,00,00,00,00,00,00,00,00,00,01],
[01,00,00,00,00,00,00,00,00,00,00,00,00,00,01],
[01,01,01,01,01,04,04,04,04,04,01,01,01,01,01]]

-scrap page-
difficulty: {2}
upOpen: {true}
downOpen: {true}
leftOpen: {true}
rightOpen: {true}
pageTheme: {all}
pageSpecialUse: {scrap}
pageMap:
[[01,01,01,01,01,02,02,02,02,02,01,01,01,01,01],
[01,00,00,00,00,00,00,00,00,00,00,00,00,00,01],
[01,00,00,00,00,00,00,00,00,00,00,00,00,00,01],
[01,00,00,00,00,00,00,00,00,00,00,00,00,00,01],
[01,00,00,00,00,00,00,00,00,00,00,00,00,00,01],
[05,00,00,00,00,00,00,00,00,00,00,00,00,00,03],
[05,00,00,00,00,00,00,00,00,00,00,00,00,00,03],
[05,00,00,00,00,00,00,00,00,00,00,00,00,00,03],
[05,00,00,00,00,00,00,00,00,00,00,00,00,00,03],
[05,00,00,00,00,00,00,00,00,00,00,00,00,00,03],
[01,00,00,00,00,00,00,00,00,00,00,00,00,00,01],
[01,00,00,00,00,00,00,00,00,00,00,00,00,00,01],
[01,00,00,00,00,00,00,00,00,00,00,00,00,00,01],
[01,00,00,00,00,00,00,00,00,00,00,00,00,00,01],
[01,01,01,01,01,04,04,04,04,04,01,01,01,01,01]]

-scrap page-
difficulty: {3}
upOpen: {true}
downOpen: {true}
leftOpen: {true}
rightOpen: {true}
pageTheme: {all}
pageSpecialUse: {scrap}
pageMap:
[[01,01,01,01,01,02,02,02,02,02,01,01,01,01,01],
[01,00,00,00,00,00,00,00,00,00,00,00,00,00,01],
[01,00,00,00,00,00,00,00,00,00,00,00,00,00,01],
[01,00,00,00,00,00,00,00,00,00,00,00,00,00,01],
[01,00,00,00,00,00,00,00,00,00,00,00,00,00,01],
[05,00,00,00,00,00,00,00,00,00,00,00,00,00,03],
[05,00,00,00,00,00,00,00,00,00,00,00,00,00,03],
[05,00,00,00,00,00,00,00,00,00,00,00,00,00,03],
[05,00,00,00,00,00,00,00,00,00,00,00,00,00,03],
[05,00,00,00,00,00,00,00,00,00,00,00,00,00,03],
[01,00,00,00,00,00,00,00,00,00,00,00,00,00,01],
[01,00,00,00,00,00,00,00,00,00,00,00,00,00,01],
[01,00,00,00,00,00,00,00,00,00,00,00,00,00,01],
[01,00,00,00,00,00,00,00,00,00,00,00,00,00,01],
[01,01,01,01,01,04,04,04,04,04,01,01,01,01,01]]

-golden scrap page-
difficulty: {1}
upOpen: {true}
downOpen: {true}
leftOpen: {true}
rightOpen: {true}
pageTheme: {all}
pageSpecialUse: {gScrap}
pageMap:
[[01,01,01,01,01,02,02,02,02,02,01,01,01,01,01],
[01,00,00,00,00,00,00,00,00,00,00,00,00,00,01],
[01,00,00,00,00,00,00,00,00,00,00,00,00,00,01],
[01,00,00,00,00,00,00,00,00,00,00,00,00,00,01],
[01,00,00,00,00,00,00,00,00,00,00,00,00,00,01],
[05,00,00,00,00,00,00,00,00,00,00,00,00,00,03],
[05,00,00,00,00,00,00,00,00,00,00,00,00,00,03],
[05,00,00,00,00,00,00,00,00,00,00,00,00,00,03],
[05,00,00,00,00,00,00,00,00,00,00,00,00,00,03],
[05,00,00,00,00,00,00,00,00,00,00,00,00,00,03],
[01,00,00,00,00,00,00,00,00,00,00,00,00,00,01],
[01,00,00,00,00,00,00,00,00,00,00,00,00,00,01],
[01,00,00,00,00,00,00,00,00,00,00,00,00,00,01],
[01,00,00,00,00,00,00,00,00,00,00,00,00,00,01],
[01,01,01,01,01,04,04,04,04,04,01,01,01,01,01]]

-golden scrap page-
difficulty: {2}
upOpen: {true}
downOpen: {true}
leftOpen: {true}
rightOpen: {true}
pageTheme: {all}
pageSpecialUse: {gScrap}
pageMap:
[[01,01,01,01,01,02,02,02,02,02,01,01,01,01,01],
[01,00,00,00,00,00,00,00,00,00,00,00,00,00,01],
[01,00,00,00,00,00,00,00,00,00,00,00,00,00,01],
[01,00,00,00,00,00,00,00,00,00,00,00,00,00,01],
[01,00,00,00,00,00,00,00,00,00,00,00,00,00,01],
[05,00,00,00,00,00,00,00,00,00,00,00,00,00,03],
[05,00,00,00,00,00,00,00,00,00,00,00,00,00,03],
[05,00,00,00,00,00,00,00,00,00,00,00,00,00,03],
[05,00,00,00,00,00,00,00,00,00,00,00,00,00,03],
[05,00,00,00,00,00,00,00,00,00,00,00,00,00,03],
[01,00,00,00,00,00,00,00,00,00,00,00,00,00,01],
[01,00,00,00,00,00,00,00,00,00,00,00,00,00,01],
[01,00,00,00,00,00,00,00,00,00,00,00,00,00,01],
[01,00,00,00,00,00,00,00,00,00,00,00,00,00,01],
[01,01,01,01,01,04,04,04,04,04,01,01,01,01,01]]

-golden scrap page-
difficulty: {3}
upOpen: {true}
downOpen: {true}
leftOpen: {true}
rightOpen: {true}
pageTheme: {all}
pageSpecialUse: {gScrap}
pageMap:
[[01,01,01,01,01,02,02,02,02,02,01,01,01,01,01],
[01,00,00,00,00,00,00,00,00,00,00,00,00,00,01],
[01,00,00,00,00,00,00,00,00,00,00,00,00,00,01],
[01,00,00,00,00,00,00,00,00,00,00,00,00,00,01],
[01,00,00,00,00,00,00,00,00,00,00,00,00,00,01],
[05,00,00,00,00,00,00,00,00,00,00,00,00,00,03],
[05,00,00,00,00,00,00,00,00,00,00,00,00,00,03],
[05,00,00,00,00,00,00,00,00,00,00,00,00,00,03],
[05,00,00,00,00,00,00,00,00,00,00,00,00,00,03],
[05,00,00,00,00,00,00,00,00,00,00,00,00,00,03],
[01,00,00,00,00,00,00,00,00,00,00,00,00,00,01],
[01,00,00,00,00,00,00,00,00,00,00,00,00,00,01],
[01,00,00,00,00,00,00,00,00,00,00,00,00,00,01],
[01,00,00,00,00,00,00,00,00,00,00,00,00,00,01],
[01,01,01,01,01,04,04,04,04,04,01,01,01,01,01]]

-empty square-
difficulty: {1}
upOpen: {true}
downOpen: {true}
leftOpen: {true}
rightOpen: {true}
pageTheme: {all}
pageSpecialUse: {default}
pageMap:
[[01,01,01,01,01,02,02,02,02,02,01,01,01,01,01],
[01,00,00,00,00,00,00,00,00,00,00,00,00,00,01],
[01,00,00,00,00,00,00,00,00,00,00,00,00,00,01],
[01,00,00,00,00,00,00,00,00,00,00,00,00,00,01],
[01,00,00,00,00,00,01,01,01,00,00,00,00,00,01],
[05,00,00,00,00,00,00,01,00,00,00,00,00,00,03],
[05,00,00,00,00,00,00,01,00,00,00,00,00,00,03],
[05,00,00,00,00,00,00,01,00,00,00,00,00,00,03],
[05,00,00,00,00,00,00,01,00,00,00,00,00,00,03],
[05,00,00,00,00,00,00,01,00,00,00,00,00,00,03],
[01,00,00,00,00,01,00,01,00,00,00,00,00,00,01],
[01,00,00,00,00,00,01,01,00,00,00,00,00,00,01],
[01,00,00,00,00,00,00,01,00,00,00,00,00,00,01],
[01,00,00,00,00,00,00,00,00,00,00,00,00,00,01],
[01,01,01,01,01,04,04,04,04,04,01,01,01,01,01]]

-empty square-
difficulty: {2}
upOpen: {true}
downOpen: {true}
leftOpen: {true}
rightOpen: {true}
pageTheme: {all}
pageSpecialUse: {default}
pageMap:
[[01,01,01,01,01,02,02,02,02,02,01,01,01,01,01],
[01,00,00,00,00,00,00,00,00,00,00,00,00,00,01],
[01,00,00,00,00,00,00,00,00,00,00,00,00,00,01],
[01,00,00,00,01,00,00,00,00,00,01,00,00,00,01],
[01,00,00,00,01,00,00,00,00,00,01,00,00,00,01],
[05,00,00,00,01,00,00,00,00,00,01,00,00,00,03],
[05,00,00,00,01,00,00,00,00,00,01,00,00,00,03],
[05,00,00,00,01,00,00,00,00,00,01,00,00,00,03],
[05,00,00,00,01,00,00,00,00,00,01,00,00,00,03],
[05,00,00,00,01,00,00,00,00,00,01,00,00,00,03],
[01,00,00,00,01,00,00,00,00,00,01,00,00,00,01],
[01,00,00,00,01,00,00,00,00,00,01,00,00,00,01],
[01,00,00,00,00,00,00,00,00,00,00,00,00,00,01],
[01,00,00,00,00,00,00,00,00,00,00,00,00,00,01],
[01,01,01,01,01,04,04,04,04,04,01,01,01,01,01]]

-empty square-
difficulty: {3}
upOpen: {true}
downOpen: {true}
leftOpen: {true}
rightOpen: {true}
pageTheme: {all}
pageSpecialUse: {default}
pageMap:
[[01,01,01,01,01,02,02,02,02,02,01,01,01,01,01],
[01,00,00,00,00,00,00,00,00,00,00,00,00,00,01],
[01,00,00,00,00,00,00,00,00,00,00,00,00,00,01],
[01,00,00,00,00,00,01,01,01,00,00,00,00,00,01],
[01,00,00,00,00,01,00,00,00,01,00,00,00,00,01],
[05,00,00,00,00,00,00,00,00,01,00,00,00,00,03],
[05,00,00,00,00,00,00,00,00,01,00,00,00,00,03],
[05,00,00,00,00,01,01,01,01,00,00,00,00,00,03],
[05,00,00,00,00,00,00,00,00,01,00,00,00,00,03],
[05,00,00,00,00,00,00,00,00,01,00,00,00,00,03],
[01,00,00,00,00,00,00,00,00,01,00,00,00,00,01],
[01,00,00,00,00,01,00,00,00,01,00,00,00,00,01],
[01,00,00,00,00,00,01,01,01,00,00,00,00,00,01],
[01,00,00,00,00,00,00,00,00,00,00,00,00,00,01],
[01,01,01,01,01,04,04,04,04,04,01,01,01,01,01]]